0.1650,0.1808,0.0659,0.0501,0.0698,0.0865,0.0681,0.0694,0.0882,0.0941,0.0407,0.1005,0.1335,0.0998,0.0669,0.0670,0.0667,0.0833,0.0833,0.0667,0.0667,0.0667,0.0667,0.0667,0.0667,0.0667,0.0667,0.0667,0.1000,0.0667,0.0667,0.1500,0.1667,0.0833,0.1667,0.0667,0.1167,0.1500,0.0833,0.0500,0.1667,0.1668,0.1668,0.0667,0.0501,0.1501,0.0667,0.0667,0.0500,0.0667,0.0667,0.0833,0.1000,0.0833,0.0667,0.0833,0.1333,0.1167,0.1000,0.1667,0.1167,0.1000,0.1167,0.1333,0.0833,0.1333,0.1167,0.1500,0.0667,0.0500,0.1500,0.0833,0.1167,0.1000,0.0500,0.0667,0.0833,0.0667,0.0500,0.0667,0.0833,0.1500,0.1500,0.0667,0.1559,0.0907,0.1171,0.1352,0.1000,0.1334,0.0667,0.1500,0.1500,0.0667,0.1333,0.0667,0.0667,0.0667,0.0667,0.0667,0.0667,0.0500,0.0500,0.0667,0.0500,0.0500,0.0667,0.0667,0.1000,0.0500,0.0500,0.0672,0.1172,0.0667,0.0500,0.0667,0.0667,0.0833,0.0833,0.0667,0.0500,0.0500,0.0667,0.0667,0.0500
5.59

0.1464,0.1464,0.0499,0.0853,0.0666,0.0647,0.0500,0.0776,0.0941,0.0396,0.0558,0.0828,0.1332,0.0834,0.0503,0.0668,0.0668,0.0670,0.0668,0.0667,0.0667,0.0500,0.0667,0.0500,0.0500,0.0667,0.0667,0.0667,0.0667,0.0500,0.0680,0.1514,0.1333,0.0667,0.1667,0.0667,0.1167,0.1500,0.1000,0.1500,0.0667,0.1500,0.1833,0.0833,0.1667,0.0684,0.0517,0.0667,0.0833,0.0500,0.0667,0.0833,0.1167,0.0667,0.0500,0.1167,0.1500,0.1500,0.1500,0.1167,0.1167,0.1167,0.1167,0.1167,0.0833,0.1167,0.1167,0.1500,0.0667,0.1500,0.0500,0.0833,0.1000,0.0667,0.1000,0.0500,0.0667,0.0667,0.0500,0.0500,0.0833,0.1500,0.1500,0.0667,0.1833,0.0833,0.1167,0.1833,0.0833,0.1500,0.0667,0.1500,0.1667,0.1333,0.0667,0.0500,0.0667,0.0833,0.0667,0.0667,0.0667,0.0500,0.0667,0.0667,0.0500,0.0500,0.0667,0.0833,0.0667,0.0667,0.0667,0.0500,0.1167,0.0667,0.0500,0.0667,0.0667,0.0833,0.0667,0.0833,0.0667,0.0667,0.0500,0.0667,0.0667
5.52

0.1718,0.1718,0.0641,0.0641,0.0667,0.0836,0.0670,0.0667,0.0167,0.0996,0.1166,0.1002,0.1333,0.1003,0.0671,0.0670,0.0833,0.0833,0.0833,0.0667,0.0667,0.0667,0.0667,0.0667,0.0667,0.0667,0.0667,0.0674,0.1008,0.0667,0.0667,0.1667,0.1667,0.0833,0.0833,0.1833,0.1333,0.1833,0.1000,0.1833,0.0667,0.1833,0.1667,0.0853,0.0667,0.1686,0.0667,0.0833,0.0667,0.0667,0.0667,0.0833,0.1167,0.1000,0.0667,0.0833,0.1667,0.1500,0.1000,0.1500,0.1167,0.1167,0.1167,0.1167,0.0833,0.1333,0.1167,0.1500,0.0667,0.0667,0.1500,0.0833,0.1000,0.0667,0.1000,0.0500,0.0667,0.0833,0.0667,0.0500,0.0833,0.1500,0.1500,0.0667,0.1500,0.0833,0.1167,0.1833,0.1333,0.1000,0.0667,0.1833,0.1667,0.0500,0.0667,0.1667,0.0667,0.0833,0.0667,0.0667,0.0500,0.0667,0.0667,0.0667,0.0667,0.0500,0.0500,0.0833,0.0667,0.0667,0.0667,0.0667,0.1167,0.0667,0.0500,0.0667,0.0667,0.1000,0.0833,0.0667,0.0500,0.0500,0.0667,0.0667,0.0500
5.86

0.1574,0.1657,0.0742,0.0659,0.0685,0.0685,0.0681,0.0681,0.0181,0.1050,0.1290,0.0924,0.1333,0.0830,0.0670,0.0836,0.0669,0.0669,0.0667,0.0500,0.0500,0.0500,0.0667,0.0667,0.0500,0.0667,0.0667,0.0833,0.0500,0.0528,0.0722,0.1384,0.1691,0.0669,0.1670,0.0667,0.1167,0.2167,0.1667,0.1000,0.0667,0.1833,0.1667,0.0500,0.0667,0.1667,0.0500,0.0833,0.0833,0.0500,0.0667,0.0833,0.0847,0.1347,0.0667,0.0833,0.1500,0.1500,0.1667,0.1167,0.1167,0.1167,0.1167,0.1333,0.0667,0.1333,0.1500,0.1167,0.0667,0.1500,0.0667,0.0667,0.1167,0.1000,0.0500,0.0667,0.0667,0.0667,0.0667,0.0667,0.0833,0.1500,0.1500,0.0833,0.1500,0.0833,0.1000,0.1500,0.1000,0.1667,0.0500,0.1333,0.1667,0.0667,0.0500,0.1667,0.0667,0.0667,0.0667,0.0667,0.0667,0.0500,0.0500,0.0667,0.0667,0.0667,0.0667,0.0833,0.0667,0.0667,0.0500,0.0667,0.1333,0.0833,0.0500,0.0667,0.0833,0.1000,0.0667,0.0667,0.0500,0.0500,0.0667,0.0667,0.0500
5.69

0.1583,0.1583,0.0628,0.0628,0.0669,0.0669,0.0666,0.0666,0.0972,0.0972,0.0649,0.0816,0.0833,0.1167,0.0625,0.0625,0.0500,0.0667,0.0832,0.0666,0.0500,0.0667,0.0667,0.0500,0.0500,0.0667,0.0667,0.0833,0.0500,0.0500,0.0667,0.1500,0.1500,0.0833,0.1500,0.0833,0.1667,0.1333,0.1167,0.1667,0.0833,0.1666,0.1666,0.0500,0.0667,0.1500,0.0667,0.0833,0.0500,0.0667,0.0667,0.0667,0.1000,0.0833,0.0667,0.1000,0.1333,0.1500,0.1500,0.1333,0.1333,0.1167,0.1000,0.1167,0.0833,0.1333,0.1167,0.1500,0.0667,0.1500,0.0500,0.0667,0.1167,0.1000,0.0500,0.0500,0.0833,0.0833,0.0500,0.0500,0.0833,0.1667,0.1333,0.0833,0.1500,0.0833,0.1167,0.1500,0.0833,0.1500,0.0500,0.1333,0.1667,0.0667,0.1333,0.0667,0.0667,0.0833,0.0667,0.0500,0.0500,0.0667,0.0667,0.0500,0.0500,0.0500,0.0667,0.1000,0.0667,0.0500,0.0667,0.0667,0.1167,0.0667,0.0667,0.0667,0.0667,0.1000,0.0667,0.0500,0.0500,0.0667,0.0667,0.0667,0.0500
5.56
